-----------------------------------------------Temperature = 10 ------------------------------------
----------------linear classifier------------
tensor([[ 1.3167e+01,  3.1252e+00,  2.8676e+00,  ...,  4.4169e+00,
          1.8881e+00,  6.3774e-01],
        [ 1.4932e+01,  1.5720e+00,  4.3562e+00,  ...,  2.3159e+00,
          4.1553e+00, -1.0564e+00],
        [ 1.4441e+01,  1.2649e+00,  3.4605e+00,  ...,  1.9944e+00,
          1.3798e+00, -2.4040e+00],
        ...,
        [ 3.3580e+00,  4.9551e+00,  1.8833e+01,  ..., -2.1540e+00,
         -1.0186e-01,  1.8638e+00],
        [ 5.4908e+00,  4.9947e+00,  1.8167e+01,  ..., -8.6486e-01,
          1.2642e-02,  2.1493e+00],
        [ 2.2795e+00,  4.4148e+00,  1.4687e+01,  ..., -7.1365e-01,
          4.2523e-01,  2.2659e+00]], device='cuda:0')
tensor([[7.8057e-01, 3.3984e-05, 2.6266e-05,  ..., 1.2367e-04, 9.8632e-06,
         2.8248e-06],
        [9.8583e-01, 1.5547e-06, 2.5167e-05,  ..., 3.2714e-06, 2.0586e-05,
         1.1225e-07],
        [8.8131e-01, 1.6705e-06, 1.5010e-05,  ..., 3.4648e-06, 1.8740e-06,
         4.2604e-08],
        ...,
        [1.8679e-07, 9.2249e-07, 9.8157e-01,  ..., 7.5428e-10, 5.8715e-09,
         4.1921e-08],
        [2.9526e-06, 1.7979e-06, 9.4471e-01,  ..., 5.1285e-09, 1.2333e-08,
         1.0448e-07],
        [3.1619e-06, 2.6749e-05, 7.7351e-01,  ..., 1.5850e-07, 4.9505e-07,
         3.1192e-06]], device='cuda:0')
tensor([[0.0036, 0.0013, 0.0013,  ..., 0.0015, 0.0012, 0.0010],
        [0.0043, 0.0011, 0.0015,  ..., 0.0012, 0.0015, 0.0009],
        [0.0041, 0.0011, 0.0014,  ..., 0.0012, 0.0011, 0.0008],
        ...,
        [0.0013, 0.0016, 0.0063,  ..., 0.0008, 0.0010, 0.0012],
        [0.0017, 0.0016, 0.0059,  ..., 0.0009, 0.0010, 0.0012],
        [0.0012, 0.0015, 0.0042,  ..., 0.0009, 0.0010, 0.0012]],
       device='cuda:0')

------------ cos similarity before scaling---------
tensor([[0.7470, 0.6428, 0.5531,  ..., 0.6783, 0.6569, 0.6223],
        [0.8867, 0.6556, 0.6030,  ..., 0.6908, 0.7431, 0.6379],
        [0.8934, 0.6116, 0.5636,  ..., 0.6698, 0.6586, 0.6003],
        ...,
        [0.5800, 0.5690, 0.8995,  ..., 0.4796, 0.5058, 0.5484],
        [0.6197, 0.5825, 0.8967,  ..., 0.5127, 0.5210, 0.5522],
        [0.5593, 0.5886, 0.8685,  ..., 0.4991, 0.5213, 0.5628]],
       device='cuda:0')
tensor([[0.0012, 0.0011, 0.0010,  ..., 0.0011, 0.0011, 0.0011],
        [0.0013, 0.0010, 0.0010,  ..., 0.0011, 0.0011, 0.0010],
        [0.0013, 0.0010, 0.0009,  ..., 0.0011, 0.0010, 0.0010],
        ...,
        [0.0011, 0.0011, 0.0015,  ..., 0.0010, 0.0010, 0.0010],
        [0.0011, 0.0011, 0.0015,  ..., 0.0010, 0.0010, 0.0010],
        [0.0011, 0.0011, 0.0015,  ..., 0.0010, 0.0010, 0.0011]],
       device='cuda:0')
tensor([[0.0010, 0.0010, 0.0010,  ..., 0.0010, 0.0010, 0.0010],
        [0.0010, 0.0010, 0.0010,  ..., 0.0010, 0.0010, 0.0010],
        [0.0010, 0.0010, 0.0010,  ..., 0.0010, 0.0010, 0.0010],
        ...,
        [0.0010, 0.0010, 0.0010,  ..., 0.0010, 0.0010, 0.0010],
        [0.0010, 0.0010, 0.0010,  ..., 0.0010, 0.0010, 0.0010],
        [0.0010, 0.0010, 0.0010,  ..., 0.0010, 0.0010, 0.0010]],
       device='cuda:0')

-------------cos similarity after scalingv-----------
tensor([[12.4480,  6.3534,  1.1152,  ...,  8.4311,  7.1804,  5.1552],
        [14.9319,  4.2583,  1.8270,  ...,  5.8830,  8.2976,  3.4408],
        [14.4410,  2.4138,  0.3625,  ...,  4.8949,  4.4196,  1.9288],
        ...,
        [ 5.0128,  4.5381, 18.8327,  ...,  0.6708,  1.8022,  3.6466],
        [ 6.6921,  5.1475, 18.1667,  ...,  2.2584,  2.6006,  3.8939],
        [ 3.2221,  4.2351, 13.9079,  ...,  1.1398,  1.9097,  3.3440]],
       device='cuda:0')
tensor([[1.7398e-01, 3.9236e-04, 2.0832e-06,  ..., 3.1333e-03, 8.9704e-04,
         1.1838e-04],
        [8.2161e-01, 1.9019e-05, 1.6721e-06,  ..., 9.6559e-05, 1.0800e-03,
         8.3978e-06],
        [6.3589e-01, 3.8025e-06, 4.8888e-07,  ..., 4.5454e-05, 2.8258e-05,
         2.3410e-06],
        ...,
        [8.5496e-07, 5.3186e-07, 8.5875e-01,  ..., 1.1124e-08, 3.4484e-08,
         2.1808e-07],
        [6.2572e-06, 1.3353e-06, 6.0221e-01,  ..., 7.4276e-08, 1.0458e-07,
         3.8121e-07],
        [4.2854e-06, 1.1802e-05, 1.8741e-01,  ..., 5.3413e-07, 1.1536e-06,
         4.8410e-06]], device='cuda:0')
tensor([[0.0027, 0.0014, 0.0009,  ..., 0.0018, 0.0016, 0.0013],
        [0.0034, 0.0012, 0.0009,  ..., 0.0014, 0.0017, 0.0011],
        [0.0032, 0.0010, 0.0008,  ..., 0.0012, 0.0012, 0.0009],
        ...,
        [0.0014, 0.0013, 0.0054,  ..., 0.0009, 0.0010, 0.0012],
        [0.0015, 0.0013, 0.0049,  ..., 0.0010, 0.0010, 0.0012],
        [0.0012, 0.0014, 0.0036,  ..., 0.0010, 0.0011, 0.0013]],
       device='cuda:0')

----------------------------- Temperature = 2 --------------------------